11669161. 1166666666 1163616666. 66166 157

E. 71, 6. 88, 19. 89, 65. 68, 9. 69, 20. 107, 4. 108, 6. 6666161 88, 10.
17. 69. 668, 65. Galbanum 61, 11.
Ezeqiel 25, 17. 1161666 66, 6. 67, 10. 41, 11. 666666 (ε- Ρ6ι66166) 66, 34
43, 11. 45, 2. 47, 6. 8ι, 9. 77, 66, 666 6666616666 79,

Fahrzeug (Arche) 110, 6611. 86, 65. 87, 1. 668, 10. 17, 66666666661316616 100,

Falken 111, 3. 141, 17. 143, 7. F. und 3, 666 666666 8ι, 6.

1166661666. 73. 33· 91614· 6166 43, 3, F. 666 66· 66666, 666666 69, 67. 22. 30.
1⁶· ,24- 666661 16616 668, ιο, 666 ιο7, 8. 668, 28. 31. 130, 28.

Farbtlnkfflrwb 17· 1116666666 668, 4. 8. 66666 (666 Herm) 23. 3.

Farre, schwarzer (= 116161 61616666666636 ιο7, 20. Vgl. 56, 12.

668, 6611, 666664Ε Abel) 6666 Zunge. 666661 666, 6.

103. 6611. 111616663666666 103, 64. 107, 66666666 (661666) 665, 67,
Ffirse(=W0ibKains)108‚25. 20. denHerzens 66663, 661666
Foder 88, 21. Flueh 23, 9. 10. 13. 67, 4 (66661666661166 66745.
1666666666 Η1666661196,6ι. 76, 21. 66. 634, 18. Dem 66666166 jem. zum 66666

33. 98. 17. 18. ιο7, 65. 1¹. vetrallen 129, ιι. (666 666 1163616 366636)
&Quas-⁷9 u η ¹3 80 Flffiliofig, 28. Vgl. 6666 9636366666 116666) 669,

28· 129· 2⁹ 116666 s. 8666666. 666616 79, 65. 81. 1. 103, 18.
Feflseln 74. 30· 116666 fiir 616 8116666 636, 6. 6616636616 33, 19. 49, 8, 666
666661663635. 19. Frende 63, 13. 22. 33, 67. 1163615665.

. 16666 36, 21. 39, 6611. 46, 69,69.76,ιο.9ο,3.635,3. 6666666616 31, 24. 634, 35.
6. 3. 6. 66. 6 3. 45, 66. 25. 136, 28. 141, 38. 137, 666666666611661366
56, 66. 64, 68. 73, 65. 9ο, 1166666, 6166 635, 8. 45. ιι. 12.

31. 91. 7. 92, 24. 120, 64. 1161666 66, 1. 23, 6. ι3. 66. 6666166666 85, ιι. 87, 5. 9.

²7· ¹23· 14· 16- 132628· 23· 33, 31· 35617· 31-37, 90. 3448116 63. 1663. 24.

142, 103 66174 6666666666 2. 4. 45, 64 72. 23. 81, 2. 666 666666666316616 96, ι,

87, 3666666666616 66666 96, 6. 664, 4. 666, 64. 667, 666 611666 66, 66. 76, 20.

634, 6, 666 666666 1.13o,11.20.131,23. 27. 666 11666666 66, 66.

(=· 66666666) 45, 63. 55, 633, 20. 634, 63. uffa· 76, 63, 666 666166 666

6611. 137, 27. S. semer ngel 1166661696, 2. der Engel
Fenerberg 55, 66. des 1. 666 vgl. 6666 Η611. 84, 29, 666 1166666666 63,
Fouerflammen 90.29·92. 34· 11166, 6666166666 53, 11. 6966666666661 16616763.
6116161120· 141 ‘³³2³‘ 811811 ⁸· ⁹· ¹²³' ⁶· ⁸· 1111616111οὲῗὲ

51,18.120,⁴⁷2⁹4.⁷' 49⁹ ' 8802101331'5, 6. 666 1166661866, 9,’661
6666666666 45, 64. 16661166 616 57, 19. Schwurs 89, 6, 61166 6116-
166666666666 (66166 6. 36661. 1666166666 635, 8. 666 66613666 ιο7, 6, 666

Τ6ιο6 hervorkommend) 116666 79, 2. 99. 21. 'ffiefe der Erde 80, 7, 666

46, 6, (66661 im 11166661) 1166666 (666 666666666666) 11166666, 67, 6661161666
11611 11.ῗέ ,8888 111111..111¹·..¹‚⁶·. ‚ 852818115118183
..111111221011¹⁵·1110 666666 6 66 66661
66661366Ι 66119968. ’33, 1111666641361ξὲ6’1161116661166Ι *66116666 ’1661ςῦ661666ιέ
166666666636, ι7. 69.47,ι.6. 666,5.( 6666666666) 637, (6. 66616666) 57, 36. 59,

67, 5. 6. 69, 5. 76, 67. 79, 64, (666 866616) 665, 13. 9, (61661) 73, 24. 66. 753.

4 86, 65. 83, 69. 84. 4. 20, (6668666661 92, 19. 66666668,6,(-16666116666-

96, 67. 110, 20. 34. 664, 96, ι3. 666, 65. 665, 5. 11666 Μ666661666, 5. 668,

66.667,9.634,66ι35,69. ι46,(1116Τ6366ἀΝ6661) 24119.13.17.27.

631ἓί641 6466636666, 143. 1696166766 37, 6. (ξιξ 537’7185'1553’ 61756661.ν {8-

6. 13. 1166666 77, 6. 636, ιι. 636. 86, 68. 66. 87, 8. 96, 20.

Firmame118 666 1116666616 65, 666 6666666 636, 9, 27. 91,4.20.122,13.124,

6111161946. 9. 133, 30. 1111116611 {3:813} {30325’ 1²3⁰.) 8⁹13? 11

1666666666611666666666666 69. 30. 112, 30. 17. G. Abels 53, 67, 666
64, 66. 66166666 75, 9, 666116666-

11666666 6. Fenerflammen. Gabriel 29, 1· 33, 3· 49. 3¹· 11111ῑὶ311θὶ16. 6118113111·

Flehen 39, 63. 64, 20. 65, 69. 73, 33. 91, 64. 66. 64 61666 66616166 76, 8, 666

 

