877777. 1177177677 87717677. 1876767817. 767

’17777 37, 77. 778, 74. 75. 8776776117643, 7. 1877617777 65, 37.
777, 6. 117177 (der Erde) 797,·,8771717777 743, 6.
’1777777717667 798, 18. 131, 3, ,gru 77776771 127,12. 8771777777 [(177Η7777 oder
10, 128, 25, (177 86677 der! (177 Numen (1771177771
Τ7777 64, 23. 66, 29. 67, 25. 81676677 33, 74. 37, 7. 391 63, 28. 66, 74. 68, 7. 4.
74, 19. 76, 74. 8ο, 6. 88, 9, (17788716 776, 4. 8717 69,.74. 70, 31. 86, 20. 75.
21. 143, 8. 12. 7776 Eudo. ,Vermchten 33, 6. 22. 74, 7 57
8777777, die 743, 77. [1767777677 734, 31. 133. 28. 777717667677777177 (7776
8776776716 99, 2. 7. 24. [1767771776 (17716777 74,79. zu Grunde 77677, 77-
118‘i.{'11³⁴1‘9,1.⁶s‚5.74,22. 8388111112172131 1101! 1818871187. 8, 11.
83, 74. 739, 7. 734, 32. Η6117,’1“917777176. 8 77. 776, 31. 777, 7. 4. 76.
7861178 811¹23¹1⁴11¹1112⁵¹18 1¹. {²2⁸'13¹5⁶·2}⁴v}5⁹11233
87717175,7’9.87,76.88,7.7. 96, 77. 98,4’. 9. 101, 7. 71611777.Ι
'hum ΕΡ777(1177) 799, 78, 102,10.12.104,32. 87771766777 797, 7. 108, 9.
(= empel)115.27.116, 87671137, 5. 8777777177 6677771587-
1.11.19. 117,14.1 ,778, 1177716 79, 76. 66, 74. 7779777) 9, 15.
5.6.(--Τ777771(1. 717177) 8777697777 werden 84, 6.
773, 75. 87677-8967 75, 77. 86677 877777677777 126, 28.
9777777 142, s. 767181619ὶῖ· ¹³²¹ ³· ‘'88131113111111318:
86777776 23, 17. 8776767777 7787176786, 871. 7776 7777776677.
8677677677 ((177 (17676 (177 22. 8776776777 778, 16.
117777) 73, 4. 8771797777, 77769777771117- 877777671677777177 91, 20.
Ublesjael 37, 25. 1 77 45, 79. 65, 33. 67, 76. 8777971777777117 33, 3.
1171777711 777779,75.775,7.7 68, 28. 77,7ο. 77,74. 76. 877767776777, durch 1'.
11717767 85, 8. 20. 24. 77, 28. 78, 2. 82, 5. 7176 7776176677 75, 8. ιο.
1177177777 des Mondes 95. 9. 84, 14. 85, 9. 87, 78789, 73.
79, (17789777 97,73,671(177 7 . 108, 2. 129, 30. 747, 36. 8777676777 99, 3. 12. 16. 74.
799, 18. 79, (1777616117677 ,7717 (vom Μ7777677- 8777716777 37, 18.
Thronos 41, 5.. 8 79677 777776) 70, 13. 86771 77, 8. 49, 4. 67, 3,
[171771 (1778776777)67,73.· 8776777777 737, 23. 77 Β7777777677677 der
92, 7 ; 7177176778977718771777717 120, 22. 8110- 1777117176117677 11167667.
67, 3. 1 777767 73, 37, (177 8777771 6777771777 (1776777767
11779776 74, 15. . 123. 76, 7777716177 777177 und Syrer: 777, 7. 118, 73.
877776717617876768,77,1 773. 17, 779777 779, 75. 779, 38. 121, 5. 74.75.
(177 817771 68, 11. ,8778777677 die 85, 9. 89117, das (= 177771) 49, 79.
Unersoh6pssi0h (von (177 8777177677 37,77. 45,7. 128, 8611777 35, 10. 7ο,9. 739,
6177117677877796617177161 79. 130, 3. 32. 30. 31.
11111883111· 102, ...82113811 2³3: 12710· 81181”.1“1,ἶ81.ῗ21·.7ἶ·.,, .
779, 76. 1877117766 59, 7. 9. 134, 77.,
1177767777 77, 77.75.79, 19. 8778776677, die in 87171887767 79, 19. 72, 28.
117777776677, (117 81, 20. 82,' 17716 53, 30. 59, 79, 88676677 132, 15, 75117771)
23. 128, 5. 136, 2. 7877191777 69, 74. 777, 771 19,15.31,25.35,23.25.
8777777661717716 29,16. 33, ¹ 8771116777 74, 3. 84, 7777, 37, 31. 39, 3. 45, 7, 671-
7, 67, 75. 69, 11. 12. 70, 16.! 13. 75. 88, 6. 7. 9. 77. 99, 1177 43, 75 7776 49, 73,
77, 3. 24. 74,7.85,4.116,4.Ι 8. 776, 77. (177 11177717 35, 27. 37,
793, 20. 123, 2. 3. 5. 6. 77. 8777677676 43, 4. 29. 41, 76. S. semer 811677
20. 30. 124, 27. 126, 16. 877776777 ((177 81177177) 35, der W.
'30. 127, 7. 128, 17. 24. 31. 37, 11. 18777 66, 77. 89, 79, 77·
033311¹111³1¹1²9⁵22¹3⁴³¹3335{35 8816817186, 177ἑὲ3 78ξέ16868... 132, 10,
[1777766 79,3. 74,11.129,10; 791177 werden 128, 15. (177 (1717677 99, 7ο, (177
7177778777 777, 25, 797 U. 132, 23. Η17771798,8,771117771

77719176 werden 127, 7818777777 (177 187176716 98‚21.102,27‚desM011des
8777776716717787767773,4. 775, 7. 95, 79, der 89777 97. 75.
877717176716 33, 73. 35, 38. 8776717777 57, 76. 98, 79. ”

773, 8. 747, 19. 8776777117677 77, 7. 8876767817 83, 76.

 

