89111111. 1199199199 Register. 8116199. 165

Bezeichnuug dee Engel1,1 eeln 100, 12, 8191119 49, 6, 8111191 der 11911191 und
1191(1191119199(1911111111ἰ 81161119 199, 5, 11199191- 1911191991145, 19.
ausschreibt: 117, 24. 118, leuse 110,14. 30, Weisee 819111) der 111119 66,20. 8432.
14. 119, 21. 30. 120, 9. 16, i (¹- Erzen el) 109, 24. 120, 819111, steine. ferbige 47, 29,
s. 911911 116, 33. ³ Ι 11. 16. ξ191199199119Β9· 1191111919 27. 16, 7119111139
89111111 der Ungereehh kaie lehrun 125,14. 11911911· 55. 24, 1911119 31. 19. 73,
139,2ο,891111119111111 ’111-Ι 19911 1191911191 12619,Ι 32, rote 47, 21, der 81111119
11191142,24.1’31.911911Β9911Ἁ siebenmel heller 95, 6.. 131.22. 819111191911131,
8911119911 72, 39. 1 Ι819119111919,1411. , 412.
8111119112 sein 135, 31. ’81912138919119911191331578191199 129, 27, 139, 5. 21.
891111919147911191186,11,Ι 1111111911 116, 2711. 1 134,19.29.21.135,12.15.
8911119119 111, . W1lde¹S1egen 68, 30. 71, 17. 81911119143,4.57,13,19324.
8911119119 (ε 51111911111911 {Silber72, 18. 27. 31. 84, 32. 8191119 47, 13. 49, 9. 51, 6.
{3¹’.⁴.·s¹¹.⁵' ¹· ⁴· ²¹· ¹¹⁷⁸ 321⁷'5¹².⁷3·3³·9¹²3'.{·⁶2·s¹⁵· 1111111311 311·
8111119191195, 25. 18119911 (1. Weseer) 5’7, 31. Ι 92: 19. 97, 8. 9⁹ 27. 9⁸: 7.
8911191139,11,84, 6. 88, 13. Sinai 19, 13, 119399,9111. 16. 191,29. 192,15. 195,
119, ι, 123, 21. 23, 1199-μ 112, 25. 34. 113,1. 2.3, 197 12.1 3, 2.
1911119 45, 21. 11918911.,8191119111.1Ν9119111111)31,13. - 19111 1111911191 19119111
dee errn w11d 1111111199 141 12.9111.85,1811’.119, (ε 111119 Engeh 109,9
82. 20. Seh, 1191 den 1911. 122, 2511. 129,13.21,91119111919911)911
89119199 gegeben 11111 8119991149,29, 128, 6, 1-ε112929111 109, 4. 33.
9111911131ζῖῗῖ ,111118931191111191191191 ,1123911ῗὲ111ῗέ11111114191
8911111911 23, 12. 25, 19.15.Ι 137, 25, der Sehlenge 88, 81191, 11911191 (=Adem 108.
74, 16. 129, 12. 21. 28.. 39. 19, 29, 28. 39, (= 9111)
8ἰ131,366134.ἐέ 358 ἦ811ὲ1ι11ἑ91111911191ἑ13,ᾓι8.,1,1191 198, 32, (Ξ 81199111 119, 8.
1191111197911· 31:¹23* 12221¹3322²8102¹113331¹3 ’215111111111131
88, 29. 12529. 131, 24, 37. 23. 39. 3. derH1mmel⁸ = 119911) 111, 8. 9,
8911ἓ1111ξ,34,19911911911991 33, ξ’ ῗὲᾞὴξέῒὲτιὲΐ 1 ἓῐ 111971811111)11121,11,2 gehffir
45, 2, der 8919911199 53,Ι 39, 19. 1771911911 Κ1111191. 191 (= Hem) 111, 1,
1111111 ξθξ1113182813·12111431· Ψὲῗὲἓθέἕῗῖῐηὲῑῇῗῗ
11193911119115533191111911- 67, 3. 70. 5. 76, 8. 89, 16. ⁶ 26. 30. ’
1911911 29, 6. 53, 8. 55, 57 92-95 (genaue Beeehrei· 8111111119 dee Engele 84, 12,
7. der 81191191 53, 28, 31, bung ihres Leufee). 98. 7. der vier Engel dee An·
135, 17, 19111111479 33, 22.] 16. 100, 15. 29, 22. 101,8ff. geeichte 65, 2311, dee (19-
Segen 33, 26. 35,2. 16. 67,1 102. 7. 14. 104.19. 195, bete 11918919911911128,
4. 68, 11. 13. 76, 21. 26. 1 22. 32. 1971115132, 28, (891191141,24, 125,16,
28. 98, 32. 99, 23. 9. 133, 2. vom Himmel 84, 2 , der
8939911911 19, 3. 189919919119111947.13. Ruhe 128, 8, des eh·
Segnen 65, 4. 18991911119111911 98,10. 139, genebreie 29, 4,
Segnungen 142, 33. , 14. 32. 'ine 81. rust 122, 12,
Selig 103,19. 104,16. 17. Sonnenuntergang 45, 24. dringt zum Himmel
131. 13. 135, 13. Sonnenwegen 9. Wegen. 27, 24. 53, 13. 15.
*Sem(=weiese181ier)110,37. Spelt51,17. Vgl. 911911 Ab· 811919 23,19, 53, 30. 66, 15.
89191919 25, 4. 16. 29,18.’ und, Κ11111, 8911199111, 11.11.86.2o. 123. 10.
33, 11. 87, 25. Ι 1919. · 8119199391 73, 12. 74, 29.
89119191 37, 26. ;8719119 43, 22. 89, 26. 129, 16, 83, 4. 85, 17.
8919 him 80, 26, 91, 10. · irdi10h0142,30. Strafgerieht 35, 12. 37, 23.
*891ζ1α1919191811911983218 119191 123, 23. 74, 4. 23. 75, 19. 79, 20.
*8911111911 =we1ese mder) S b (1111 dae 8919911191) 22. 23. 103, 8. 122, 25.
198, 35 . 70, 8, (191 Ζ911199 120, 1. 123. 9. 134, 19, 141, 18.
89111299 (19919189919111191819111 19911191 (1919911199 81191911 59, 13.
(1911911999117799931)31.4., (π191111919111) 75, 14. 81191191129382, 16.
Sieben Berge 47, 18. 24. 55, 8191199911 1191899119 97, 23. 811911, 11191111 1191191 70, 24.
22.61,17.100,3.Heil1ge‘ 1, semer Weltetetionen. Strom(=Jordan)113,15.19‚
(= Erzengel) 103, 22, ln· ¹ 8111119119111719, 9111993528, 81161119 23, 2. 47, 4. 199, 2,

 

