119191. 0991991199 11931919. Rede- 163

7. 99,ἀ4,9ῧῖ1111ἰ11ἕο1191ἒ9. (691619919111211619199) 29151Ὶ3ἕ2. 536H2i3. V l.
1191114116811917611 01019111911111119316Ξ511· *Ρ11111919112Η111169111Πῃ41
1199111399 11911 91, 29. 0139199 199, 16. 115,1.4.13.16.21.118,29.

Den N. 3911199699 eus· off (10, Augerwfflten ,md Pl 9 57, 23, Plagen 23, 20.
9911191999 136, 20, 1991· 001007172„ 90. 24· (10,ng Ple 8enbeleg 39, 23.
31119699 85, 12, her· und 1730}st brem 47, 17, Preese (Oel) 35, 6.
geben 2991119999 23, v011 pene, 120‚23‚W0 die Prophetenx42,22,(=80hefe)

19, 911969111Β119119111 911 (34331384 hamme„ Fene, 1167 4.
112161111111111101111 sind 45. 15. gesegneterffirflfen 142, 32·

11111. 911111. 11 1911111191 01 ¹·
1111011(1112310110)οῚΛο 9191199911 1116999191 91911 ,11991 33, 19.

⁸92 ¹⁸· 119149,2,119Η1191991996 0991190991199 77, 19. 84,

119191 195, 17. 111119 21111969 and 49, 7, 34. 119, 16. 128, 13; 119191

119191 139, 14. 30. wodieHimmelzusammen· der 11169 74, 6. 9. 1191109-

Nebel 39, 15. 66, 23. 79, 2. gethan 11916911, 47, 26, 19911199 996 Heiligen 85,
8. 89, 24. 99, 19. 100, 2. 9991991119119151,5.15,1111 15, 69109199111311911 69,
119, 29. 133, 4. seden(Palestinas)120,35. 32, 699 11911999 128.16,

Ν9119 61, 11. 699819199196945,18,

Nephilim 43, 20. Verdemmnis 120, 22, wo· 53, 24, 691 1191911911 69, 33.

Neqeel 87, 27. 11111699 17999916991111- 70, 1, der Winde 78, 6.

Nost 128, 3. 969 91911 91319991 47, 3.

Neue 8911691993 92, 13. 0911111, 69111911 47, 18. 19. Rab0„(=syrer)111‚5, υς,

Ν9991 Η11111991 126, 9, Ζ9· 55, 2 . 57, 31. 32. 59, 22. 24·¹19‚5·8-13·15·18·27·
11121111 115. 31· 29· 61. 8· 9· 19· 62. 4· 23· 11991199 699 ’1191991919119 75,

1199999911911911 141, 5. 28· 29· 75· 11· ²⁶· 77,·21· 20.

Neumond 101, 12. 92-96· 98,16. 2911· 99· 11991199, 1199119 99119199 74,

Niedrigen, die 128. 14. 2111001914 107111· 15· 2, 39169919916911 69, 31.

1119199 77, 2. 87, 13. 0111111111 9⁸2 3011· 1199119179, 19.

119911 31,19. 76, 39. 84, 16. 1191991 29,1. 31, 16. 49, 25.
19. 85. 26· 141. 21· 37, *Palaestine (3119111191199 53, 5. 14. 66, 4. 73, 33.
(= 11919991 seor) 110, 862, 11996) 113, 22. 24. 129, 8. 87,8.12. 1691, 13. 16. 24
ungen. 9111. 124. 25· 4Ρ91111191 111,4. 116,16. 117, &guel 49, 25, 55, ,3,

Norden, 9111611911 57, 17. 61, 12· 11991191 25, 17. 87, 26.

16. 62, 13. 79, 29. 9ο, 23. 10112010· 111011Ρο0201· 119141, 45, 66991 88, 9.
92, 27. 98, 3911. 99, 3. Ρ 011101 38. 19· 119191919991911999 69, 28.
199, 8. 10. 24 19196199 51, 1. S. 1911191 naueh 79, ι,

119161199111911 59, 26. (12111111 111111 1111111· 11611199, 1191 1191119 53, 1. 6. 9.

Ν916111969 62, 16. 99.1211.1Ρ911119175, 8. 899999991911 sordem 136,

1101 70. 22· 27· 71. 16· 74, 1 11919 35, 12. 51, 24. 53, 29, 39. 26.

22. 83. 24· 128. ¹·130‚ 15. Pelnigen 132, 22. 119999999699191119919496,
1111115914· ²⁵· '³⁶’ ²¹· 1111111111 16· ...21⁸1 1111111, 111 11.
· ’ 191..1.·11149141,ις, 11.· 9191911911 75ζ 1⁶. '
09919199 619 (691 9911111191. 11999199191191111911 137, 20. Βεο11199119119111191176, 19. 85,

6911111391188, 4, 26. 143, 12, desTodee 126, 27. 108, 10. 122, 19. 20.

091 35, 6, 21. 124, 4. 1917. 126, 6. 137,
*ofllberg (4, 3015) 57, 32, Ρ19119161, 18. 18. 21. 26. 28. 143, 13.
0199, 19911391 74, 1. 129, Ρ1911945, 21. [1991119999119 29, 7.

29. 1119929 1191 Gerechtigkeit 11969,11969989,16.137,126“.,
0119111191 29. 14· 45, 10· 72, 9961791111191133,25, der SdeeAueerwfih11011781fl9,
9111111113ἓέ, 2⁸. 9, 1³. 1111111111, ..11. ,³31 ..1111991919

84, 14 194, 8. 0119911211 19911199 0911911119 124, 29, 8119691) 132, 26, 1199119

1191699 90, 5. 126, 2. 691119991991191191111911124, 59,12. 13319, 691 (1911
0111935, 6. 17, Samen tregende 108, 19999 139, 18, 9911191199
0911911119 8ο, 26. 91, 19. 11. 137,11,11114191991119133,19,
01699996991191119919298, Ρ19119, Ρ191199 6991119119919 99911129 71, 10. 86, 23

11⁸

01 6991199919 699 Lebene

 

