164 119999. 1199199199119919199. 8911911999.

119999 99, 94 69, 98. 97. 67, 899999191(899991191’61)93,98.) 33, 93, 1199819999 und

17. 79, 6. 9. 96. 8924 88, 9. 191199 91, 3199119-
99, 4. ιο. 99. 93. 17. 99. *Samuel (= 89191) 993, 95. 9999111911167,96,199
999, 99, 933, 5. 7. 95. 993, 39. 111919 47, 6. 78. 3.
89919999 55. 10. 107, 99. 899178, 18. 133, 28. 8919111999 99199199 11911
119991, 199 66. ιο. 69. 3. 89911947, 23. und 1199199919 67, 6.
83, 93; die 11919199 69, 9. 8999919149, 99. “ 89191199 37, 93. 99. 39, 3.
11999199, die 83, 9. 127, 4. 899999 69, 99. 89199991 (199 111999 107, 27.
1191911999 69, 99. 997, 3. 7. 89199 73, 12. 74, 2, 891999 8911191 97, 1388, 99.
128, 9. 129, 9. 18. 132, ’99. 63939. 84. 99. 8911119 133, 21.
1191151141. 69, 97. 78, 94. 18111111-ιῖ , 1118199) 915, 911. 801111 73.⁷' ²⁷: 33⁸ 123'18'
89, 23. 99, 99. 99. ιοο,4, 819199 19911919 73, 28. 199 89119199, 99999 199999
933, 9. Η19999919 47, 12, himm· 891191939,98,119,1191919
11919 33, 99. 85, 11. 88, 23. 1199199 Fauen 9. 19999- 91911 99119199 63, 99, 13.
119191991 949, 32. 919199. 99. 89, 5. 91, 11.
1191919999 35, 1· 8999199 83, 93. 8911 199 11991979 88, 98,
11991997,ἑ.149,99. 89191, (9919999519991)199, 191899Μί 1919988, 99.
1191199 9. 9991199. 10,(= 119999) 99999931. 19989919 8 ,99.
1199966, 5, 9999119199 74, 14. 9999411, (9919999) 191, 89111199 (199 (1919199 und
1119119971, 19. 74, 98. 8o,18. 99993, 91, (= 8999991) 81999999 8897111111919
1119119919 (19911119 994, 3. 11,25.115.5.9,(=Da· 88,11.
1119999 97, 5. 43, 10. 19. 911) 113, 9, (ξε 8919999) 89119999 88, 29. 303 891199-
43, 9. 949, 16. (51119- 115, 19, (=I·]1as) 116, 3, 99931, 9.
199199, 1999919, 11991) 199,1 (9119199999 Hom=10- 89119199 49,.98.
999999996ς, ..1999191999 ὃ91911 99991199
11991, 399999 9991199199 (99 == 12 86199 199919) 36. 39, 9. 4. 9. (37, 33²·
(51199) 998. 9911. 111,11ff.,(einigo=Pr0· Τ191 19999191, 37, 36.
1119199(ι-191199999999199 19199) 196,4,(3ε8999- 39.9--’1191(191199999.
1911999199 991 119919)( 19191, 11999, Ν91999191) 9111199999199 91911191-
122811381· 11911111 1111111111111119111111515, 27. v1.
99199199(Ξ 991999 Km-J =neue (199919191999919) 9991 1199991, 1119,
1991119999 und Κ9191199)( 199, 12. 89911, 11919 991 ’1191
998, 96. 33. 109. 611¹. (8919119199 (1911999991) 89199991 130, 7, 99191199
11999911119 993. 97. 1 29, 12. 39, 99. 77, 94. 997, 936, 99.
119999 73, 15. 999, 93. 919, 6.Ι 13. 21. 19. 141, 5. 89191199999 143, 3.
120, 14. 939, 9. (1999191199 9919 53, 8. 8919999989.93.89,9,949 99.
11919 67, 3. 73. 91. 83, 5. 88, 21. ²33 9999191199 8919999919 97, 95. 129. 93.
96. (8.9 . 997, 17. 998, 8.( werden 65, 8. 7ο, 6. 93. 891999 39, 98. 49, 9. 69 97.
936, 7; 199199 11. 19199 89, 7. 92, 14. 78, 93. 90, 30. 99,19. 21.
119111ῐοῖἒέ 1811ss ss. ,11 801311ῗῖ1 ⁹⁷'28ff' ¹⁰⁴'²¹ff' 6911191019, 2⁸· 30· 90. 23.
1191911199 fiir 199 (19.891999 69, 3. 89, 93. 84, 5. (199 (199991199 80, 3.
9991199 64, 17. 19. 89199119 999, 19. 8911199199 (π (1911) 193, 93.
1199999188, 3. 8919119999, 99. 997, 19.
119199 74, 30. 73, 9. 8998919298 (199 19919999999 8991919992119 959999 471,1 78.
8991(99999111919191) 999, 98. ’ 8919191999999 (Κ9999999) 81119111 1119999119511711, 24.
8919191133, 30. › (199 (1919199 199 1191919 9999 891. 99, 93, 891. 199
*8919999(π19191999 891911 79, 3. 4, 199 (1919199 199 Welt 103, 97. 104, 33, 999
8911111999 1119199 (199 199( 1118919119ε 979911 1991111111 111111139ᾱο111111111111
9991111199 64, 91, 199) 66, 99, (199 Mondou 669, 199 der W. ·
191999 83, 3ο, (der 11991 (1991191919 und derW0· 8919911999 (119991 199 8919.)
99199) 33, 18. 19. 149, 8,) 1999 66, 22, der 89999 66, 88, 18.
1Νο919)31,95. 83, 9393. 94, 8919911199 33, 93, (199 (19-
39, 199 Ρ1199999 33, 3. 89191919999999 (199 119· 9991691911 33, 96 49, 95,
39, 94. 9999, 79, 6, (199 899999 beiden 999Η99991999991.

 

