(16116111. 1166166666 1169111161. 1166666. 159

18. 30. 129, 30. 34131, (11666 (von (1611 966691) 6111616611, 116166 (16·
26. 134, 29. 136, 33. 167, 2 . 134, 34. 1666119161 123, 33.
(11116111 6. Wolken. (116666, 61 (=· (1611) 37, 34. 11661 166, 6.
(116616611661166861666166 . 167, 19. 124, 6. 129, 28. 11661 11262616 73, 30. 74, 28,
88888531123: ¹⁶· -¹³81¹⁰1131³l’20²⁰·= 161 1111111111 11131111
(1161111669,13.86,3ο. 31,9. 111134. 91,6666 1116161616 164, 33 6666
(11666611 80, 30. 86, 23. 137, 1161Η6111661111(116666. 77, 6, 1161Η11611161 80, 24,
1 ; un (1661166166 1166ιῦ16666 ((161ι 6)79. 19. Vgl. von Wegen 75, 24.
61111 67, 29. 86, 21. Ι 6666 1116366111. , Ηο6166666166((161166)19, 14,
(1161161966, 1116 69, 13. 167, 4· (116υά166166 1161111116 47, 8, 116111116166961 74, 29.
(116166616 67, 27. des H1mmels 78, 3. 1161168, 16. 76, 11. 26, 91,
(111161113314. (1666611661 84, 31. 29. 98, 32. 99, 26. Vgl.
(1111121, 23. 163, 34. (1616661611 84, 33. 86, 7. 6666 1116116.
(1161111611 99, 9. (161611 6166616684, 3. (111161 Η61166 31, 22.
Gnade 21, 1. 23, 9. 124, 9. Ι1161 611142,29. Heili (11611)123,16,1Η1111-
(166666966666 37, 16. (161681,2.124,9.11.126,11. 11161141, 29,(11611161161166)
(11111119 124, 9. (16166, due 163, 29. 30. 133, 29, 11. 143, 9, (0111 57, 18,
(1611172, 18. 27. 31. 86. 6. 23. 143, 3, 6666 163, 19. (8111116) 33, 27, (11166161
127, 3. 129, 3. 16. 131, 5. (16166136,2.9.12.133,3. 41, 32. 43, 1311161111
G1t3t3,19. ¹⁴2²1'228' η 2 3.141,33.(1.16611142,3. ἓ3,12;66ὲ119ἰ,1161119,ἐ16111ἷ
01- 4191171· 1611 14} 1111 el 19. 24· ⁶2, 11. 66. 23· 1111111111.ι 1611311111) lellu-
86, 23. 168, 3. 142, 22.) 7,23. 89, 23. 37, 11. 123, 16. 128, 34.
26. 28. 143, 11. Η6961616111639,19. 22. 24. - 6611 (116666 19. 11. 37,
-1161·(16116129,9, der 91, 6. . 32. 167,19. 1246. 129,
Η611116611611 37, 24, 1161 Η61611616666666111611136,13. 28. 137, 7. V 16666 der
mlh 19, Bm.. ll07’ 14. *66611-666116126181161) Η(1116666 69111 611196. 6
(1111166 eilullffllonulllglll 6111611966, 3. 03111,εὲἓῖ 64,Θ 611161119191
(116666, d. (1166666611Η66666 70, 16. 136, 3· 4· 66, 12. 67, 28. 68, 1. 69,
ffiluptlotllelllllibg. 611 68,19. 23. 69,23.76,3. 77, 4. 86, 18. 23. 81, 6.
Herrund 6116 ,usam-l 74, 14. 76, 34. 91, 17, 23. 82, 8. 83, 12. 13. 88, 31.
666661266ᾗ6111111166111 28;1166Η6117116616133,31. 91, 4. 132, .²· 13. 133, 2.
d. 6666 6116661611, 11667161 der 011166696- 141, 27; 1116 6161166 Η.
11. 6611116, 11. 11111119Ι 6161661631. (5111266961) 163, 22.
6611 ulle zusammen· 6667116616 (1161116961) 88,4. -66116666111161161171,14.

mengun, 1161116 61119. 11667116661161 88, 31. S. 1616611116111166111. 6611

Haupt, 66169166 (-- (1611) 72, 2. 73, 28. 761613.

116111Ξ6 61161 1161661111ᾷὲΗ6666,1619669116661142,31. 19. 29. 70, 2. 23. 71, 13.

61, 11616661 16111666 (161 Η1616161) 39, 22. 11611.
1111196611 9671116666 ist,y 23. 28.. 32. 41, 10. 91,8ff.. - und (1616661611 76, 13.
11. 86687161. = 8611666116) 1131611, 123, 1. S. 16166111. Ger.
(161161, (161166 49, 17. 69,’ = Jerusalem) 113, 2311. 6. Η611.

13. 163,7.131,23.137,8. 116, 3. 11. 19117, 14. 13. -, (1616661611 661166661-
(16116111111161 123, 14. 131, 3. 126, off.. (= 1166 6666 11161166 64. 4.
(16116611167,23. 6166116666 Jerusalem Heiligkeiten, die, 1161661-
(1611166131,11.13.132,27. 126,3611.121,1411., . 1161141,13.

137, 3. Ι seluerGemeiudeversemm· Η61119161637, 26.
(161116666, 1116 19, 3. 21, 3. 1663173, 17,(166Η6116 37. 6616161647, 26.

7. 23, 14. 43, 7. 63, 36. 18, . 61Η61111661161161111 Heilung 31, 23. 86, 17. 33.

164, 3. 126, 3. 127, 14. 1161166666 ἐκ ’16613611 127, 22. 128, 7.
6111111111166. ³⁵ 1. ”1’..1.11.1,“”ὲ1ῗῖ..11 11111111 1513ξρ 2..

131, 8. 137, 8.’ ’ 1111117161 nauh 116111 (16116611 23. 26. 3’7, 4. 41,’26. 24.
(1166 136, 16. 116611116Β61111161161)126,1. 49, 19. 51, 9. 22. 37, 3.7.
*6116666665 611161) 111, 3. 1116661 66666 6111 der 63, 8. 64, 12. 76, 36. 84,

118, 23. 24. 29. 119,12. 116661661166116161131, 18. 23. 83, 1. 24 86, 6.

1117. 21, 6111861166 127,1, 87, 4. 96, 16. 91, 3. 162,

 

